,Start,End
0,2020-11-05 14:46:15.477666,2020-11-05 14:46:24.052416
1,2020-11-05 14:46:26.707567,2020-11-05 14:46:27.827153
